5 3
5 3
 -0.500000  -0.500000   0.000000
 -0.250000  -0.500000   0.000000
  0.000000   0.300000   0.000000
  0.250000  -0.500000   0.000000
  0.500000  -0.500000   0.000000
 -0.500000  -0.250000   0.000000
 -0.250000  -0.250000   0.000000
  0.000000  -0.250000   0.000000
  0.250000  -0.250000   0.000000
  0.500000  -0.250000   0.000000
  0.500000   0.000000   0.000000
 -0.250000   0.000000   0.000000
 -0.000000  -0.000000   0.666667
  0.250000   0.000000   0.000000
 -0.500000   0.000000   0.000000
 -0.500000   0.250000   0.000000
 -0.250000   0.250000   0.000000
  0.000000   0.250000   0.000000
  0.250000   0.250000   0.000000
  0.500000   0.250000   0.000000
 -0.500000   0.500000   0.000000
 -0.250000   0.500000   0.000000
  0.000000  -0.300000   0.000000
  0.250000   0.500000   0.000000
  0.500000   0.500000   0.000000
